versions	package	cbo	aff	eff	lcom	mf	cs
0.95	org.joda.time	6	122	30	0.8873403019744484	0.4961636828644501	-521
0.95	org.joda.time.chrono	3	21	33	0.9318936877076412	0.5466666666666666	-705
0.95	org.joda.time.convert	3	9	22	0.8375	0.5379310344827586	-44
0.95	org.joda.time.field	1	38	2	0.9242424242424242	0.4268292682926829	-167
0.95	org.joda.time.format	3	15	18	0.9115853658536586	0.6636155606407322	-582
0.95	org.joda.time.property	1	6	9	0.8	0.25	-2
0.95	org.joda.time.tz	3	1	13	0.8874458874458875	0.7222222222222222	-151
1.0	org.joda.time	6	131	33	0.8929292929292929	0.44491080797481636	-632
1.0	org.joda.time.base	5	23	37	0.9454545454545454	0.08163265306122448	-43
1.0	org.joda.time.chrono	4	14	39	0.9323170731707318	0.4847161572052402	-642
1.0	org.joda.time.convert	5	7	25	0.8342105263157895	0.6116504854368932	-66
1.0	org.joda.time.field	1	49	8	0.9353846153846154	0.3559322033898305	-247
1.0	org.joda.time.format	3	14	21	0.9061561561561562	0.6756756756756757	-464
1.0	org.joda.time.tz	4	1	13	0.8761904761904762	0.7323943661971831	-130
1.1	org.joda.time	6	132	34	0.8936170212765957	0.4669260700389105	-718
1.1	org.joda.time.base	5	25	37	0.9454545454545454	0.07894736842105263	-43
1.1	org.joda.time.chrono	4	14	40	0.9294871794871795	0.4793028322440087	-604
1.1	org.joda.time.convert	5	7	25	0.8342105263157895	0.6116504854368932	-66
1.1	org.joda.time.field	1	50	9	0.9353846153846154	0.35	-247
1.1	org.joda.time.format	3	16	21	0.9061561561561562	0.6666666666666666	-464
1.1	org.joda.time.tz	4	1	13	0.8785714285714286	0.7285714285714285	-132
1.2.1	org.joda.time	6	133	34	0.8927304964539007	0.4618320610687023	-714
1.2.1	org.joda.time.base	5	25	37	0.9454545454545454	0.0784313725490196	-43
1.2.1	org.joda.time.chrono	4	19	41	0.9285714285714286	0.5029239766081871	-691
1.2.1	org.joda.time.convert	5	7	27	0.8342105263157895	0.6	-66
1.2.1	org.joda.time.field	1	48	10	0.9353846153846154	0.35443037974683544	-247
1.2.1	org.joda.time.format	3	17	21	0.9061561561561562	0.6631299734748011	-464
1.2.1	org.joda.time.tz	4	1	13	0.8785714285714286	0.7285714285714285	-132
1.2	org.joda.time	6	133	34	0.8936170212765957	0.45977011494252873	-718
1.2	org.joda.time.base	5	25	37	0.9454545454545454	0.0784313725490196	-43
1.2	org.joda.time.chrono	4	19	41	0.9285714285714286	0.5029239766081871	-691
1.2	org.joda.time.convert	5	7	27	0.8342105263157895	0.6	-66
1.2	org.joda.time.field	1	48	10	0.9353846153846154	0.35443037974683544	-247
1.2	org.joda.time.format	3	17	21	0.9061561561561562	0.6631299734748011	-464
1.2	org.joda.time.tz	4	1	13	0.8785714285714286	0.7285714285714285	-132
1.3	org.joda.time	6	133	35	0.8955276030747729	0.5016778523489933	-917
1.3	org.joda.time.base	5	28	37	0.9454545454545454	0.07692307692307693	-43
1.3	org.joda.time.chrono	4	22	41	0.9285714285714286	0.5	-691
1.3	org.joda.time.convert	5	10	27	0.8342105263157895	0.5701357466063348	-66
1.3	org.joda.time.field	1	52	10	0.9353846153846154	0.34854771784232363	-247
1.3	org.joda.time.format	3	22	22	0.9061561561561562	0.6410256410256411	-464
1.3	org.joda.time.tz	4	1	13	0.8785714285714286	0.7285714285714285	-132
1.4	org.joda.time	6	134	38	0.8885245901639345	0.5627586206896552	-1118
1.4	org.joda.time.base	5	35	38	0.9545454545454546	0.06741573033707865	-54
1.4	org.joda.time.chrono	4	23	41	0.9285714285714286	0.4980694980694981	-691
1.4	org.joda.time.convert	5	10	27	0.8342105263157895	0.5701357466063348	-66
1.4	org.joda.time.field	1	63	10	0.9323076923076923	0.3424124513618677	-243
1.4	org.joda.time.format	3	29	22	0.9061561561561562	0.6188118811881188	-464
1.4	org.joda.time.tz	4	1	13	0.8785714285714286	0.7285714285714285	-132
1.5.1	org.joda.time	6	135	35	0.8860655737704918	0.5700615174299385	-1112
1.5.1	org.joda.time.base	5	22	38	0.9487179487179487	0.10126582278481013	-62
1.5.1	org.joda.time.chrono	3	25	39	0.9374307862679956	0.4669421487603306	-723
1.5.1	org.joda.time.convert	4	10	26	0.8342105263157895	0.5727272727272728	-66
1.5.1	org.joda.time.field	1	64	11	0.9353846153846154	0.328125	-247
1.5.1	org.joda.time.format	2	30	21	0.9082503556187767	0.6246973365617433	-495
1.5.1	org.joda.time.tz	3	1	13	0.8761904761904762	0.7323943661971831	-130
1.5.2	org.joda.time	6	135	35	0.8860655737704918	0.5700615174299385	-1112
1.5.2	org.joda.time.base	5	22	38	0.9487179487179487	0.10126582278481013	-62
1.5.2	org.joda.time.chrono	3	25	39	0.9374307862679956	0.4669421487603306	-723
1.5.2	org.joda.time.convert	4	10	26	0.8342105263157895	0.5727272727272728	-66
1.5.2	org.joda.time.field	1	64	11	0.9353846153846154	0.328125	-247
1.5.2	org.joda.time.format	2	30	21	0.9082503556187767	0.6246973365617433	-495
1.5.2	org.joda.time.tz	3	1	13	0.8761904761904762	0.7323943661971831	-130
1.5	org.joda.time	6	135	35	0.8860655737704918	0.5700615174299385	-1112
1.5	org.joda.time.base	5	22	38	0.9487179487179487	0.10126582278481013	-62
1.5	org.joda.time.chrono	3	25	39	0.9374307862679956	0.4669421487603306	-723
1.5	org.joda.time.convert	4	10	26	0.8342105263157895	0.5727272727272728	-66
1.5	org.joda.time.field	1	64	11	0.9353846153846154	0.328125	-247
1.5	org.joda.time.format	2	30	21	0.9082503556187767	0.6246973365617433	-495
1.5	org.joda.time.tz	3	1	13	0.8761904761904762	0.7323943661971831	-130
1.6.1	org.joda.time.base	5	22	38	0.9487179487179487	0.10126582278481013	-62
1.6.1	org.joda.time.chrono	3	25	39	0.9374307862679956	0.4669421487603306	-723
1.6.1	org.joda.time	6	136	35	0.8849726775956284	0.5720108695652174	-1110
1.6.1	org.joda.time.convert	4	10	26	0.8342105263157895	0.5727272727272728	-66
1.6.1	org.joda.time.field	1	64	11	0.9353846153846154	0.328125	-247
1.6.1	org.joda.time.format	2	30	21	0.9082503556187767	0.6246973365617433	-495
1.6.1	org.joda.time.tz	3	1	14	0.8761904761904762	0.7172413793103448	-130
1.6.2	org.joda.time.base	5	22	38	0.9487179487179487	0.10126582278481013	-62
1.6.2	org.joda.time.chrono	3	25	39	0.9374307862679956	0.4669421487603306	-723
1.6.2	org.joda.time	6	136	35	0.8849726775956284	0.5720108695652174	-1110
1.6.2	org.joda.time.convert	4	10	26	0.8342105263157895	0.5727272727272728	-66
1.6.2	org.joda.time.field	1	64	11	0.9353846153846154	0.328125	-247
1.6.2	org.joda.time.format	2	30	21	0.9082503556187767	0.6246973365617433	-495
1.6.2	org.joda.time.tz	3	1	14	0.8761904761904762	0.7172413793103448	-130
1.6	org.joda.time	6	135	35	0.8852459016393442	0.5718175629680055	-1112
1.6	org.joda.time.base	5	22	38	0.9487179487179487	0.10126582278481013	-62
1.6	org.joda.time.chrono	3	25	39	0.9374307862679956	0.4669421487603306	-723
1.6	org.joda.time.convert	4	10	26	0.8342105263157895	0.5727272727272728	-66
1.6	org.joda.time.field	1	64	11	0.9353846153846154	0.328125	-247
1.6	org.joda.time.format	2	30	21	0.9082503556187767	0.6246973365617433	-495
1.6	org.joda.time.tz	3	1	13	0.8761904761904762	0.7323943661971831	-130
2.0	org.joda.time.base	5	24	38	0.9395604395604396	0.13095238095238096	-71
2.0	org.joda.time.chrono	3	27	39	0.9374307862679956	0.46887966804979253	-723
2.0	org.joda.time	6	139	31	0.890625	0.5792488860598345	-1304
2.0	org.joda.time.convert	4	10	26	0.8342105263157895	0.5727272727272728	-66
2.0	org.joda.time.field	1	68	11	0.9353846153846154	0.3230769230769231	-247
2.0	org.joda.time.format	2	37	24	0.9082321187584346	0.6004415011037527	-521
2.0	org.joda.time.tz	3	1	14	0.8738095238095238	0.7162162162162162	-128
2.1	org.joda.time.base	5	24	38	0.9395604395604396	0.13095238095238096	-71
2.1	org.joda.time.chrono	3	27	39	0.9374307862679956	0.46790890269151136	-723
2.1	org.joda.time	6	139	31	0.890625	0.5788804071246819	-1304
2.1	org.joda.time.convert	4	10	26	0.8342105263157895	0.5727272727272728	-66
2.1	org.joda.time.field	1	68	11	0.9353846153846154	0.3230769230769231	-247
2.1	org.joda.time.format	2	37	24	0.9082321187584346	0.6004415011037527	-521
2.1	org.joda.time.tz	3	1	14	0.8738095238095238	0.7162162162162162	-128
2.2	org.joda.time.base	5	24	38	0.9395604395604396	0.13095238095238096	-71
2.2	org.joda.time.chrono	3	27	39	0.9374307862679956	0.47379454926624737	-723
2.2	org.joda.time	6	139	31	0.8927738927738927	0.5808080808080808	-1361
2.2	org.joda.time.convert	4	10	26	0.8342105263157895	0.5727272727272728	-66
2.2	org.joda.time.field	1	68	11	0.9353846153846154	0.3230769230769231	-247
2.2	org.joda.time.format	2	36	25	0.9082321187584346	0.6004415011037527	-521
2.2	org.joda.time.tz	3	1	14	0.8738095238095238	0.7162162162162162	-128
2.3	org.joda.time.base	5	24	38	0.9395604395604396	0.13095238095238096	-71
2.3	org.joda.time.chrono	3	27	40	0.9368770764119602	0.475	-721
2.3	org.joda.time	6	140	31	0.8927738927738927	0.5800756620428752	-1361
2.3	org.joda.time.convert	4	10	26	0.8342105263157895	0.5727272727272728	-66
2.3	org.joda.time.field	1	68	11	0.9353846153846154	0.3230769230769231	-247
2.3	org.joda.time.format	2	36	25	0.9128048780487805	0.6111111111111112	-590
2.3	org.joda.time.tz	3	1	14	0.8809523809523809	0.7236842105263158	-147
2.4	org.joda.time.base	5	24	38	0.9395604395604396	0.1301775147928994	-71
2.4	org.joda.time.chrono	3	27	40	0.9392177589852009	0.46938775510204084	-762
2.4	org.joda.time	6	144	31	0.8927738927738927	0.5739238927011853	-1361
2.4	org.joda.time.convert	4	10	26	0.8342105263157895	0.5727272727272728	-66
2.4	org.joda.time.field	1	68	11	0.9353846153846154	0.3218390804597701	-247
2.4	org.joda.time.format	2	36	25	0.9195189639222942	0.6456400742115028	-799
2.4	org.joda.time.tz	3	1	14	0.8809523809523809	0.7236842105263158	-147
2.5	org.joda.time.base	5	24	38	0.9395604395604396	0.1301775147928994	-71
2.5	org.joda.time.chrono	3	27	40	0.9392177589852009	0.46938775510204084	-762
2.5	org.joda.time	6	144	31	0.8955223880597015	0.5749844430616055	-1425
2.5	org.joda.time.convert	4	10	26	0.8342105263157895	0.5727272727272728	-66
2.5	org.joda.time.field	1	68	11	0.9353846153846154	0.3218390804597701	-247
2.5	org.joda.time.format	2	36	25	0.9248979591836735	0.6583184257602862	-929
2.5	org.joda.time.tz	3	1	14	0.8809523809523809	0.7236842105263158	-147
2.6	org.joda.time.base	5	24	38	0.9395604395604396	0.1301775147928994	-71
2.6	org.joda.time.chrono	3	27	40	0.9392177589852009	0.46938775510204084	-762
2.6	org.joda.time	6	144	31	0.8979367866549605	0.5758513931888545	-1486
2.6	org.joda.time.convert	4	10	26	0.8342105263157895	0.5727272727272728	-66
2.6	org.joda.time.field	1	68	11	0.9353846153846154	0.3218390804597701	-247
2.6	org.joda.time.format	2	38	25	0.9248979591836735	0.6559714795008913	-929
2.6	org.joda.time.tz	3	1	14	0.8809523809523809	0.7236842105263158	-147
2.7	org.joda.time.base	5	24	38	0.9395604395604396	0.1301775147928994	-71
2.7	org.joda.time.chrono	3	27	40	0.9392177589852009	0.46938775510204084	-762
2.7	org.joda.time	6	146	31	0.8979367866549605	0.5747836835599506	-1486
2.7	org.joda.time.convert	4	10	26	0.8342105263157895	0.5727272727272728	-66
2.7	org.joda.time.field	1	68	11	0.9353846153846154	0.3218390804597701	-247
2.7	org.joda.time.format	2	38	25	0.9250980392156862	0.6608996539792388	-967
2.7	org.joda.time.tz	3	1	14	0.8809523809523809	0.7236842105263158	-147
2.8.1	org.joda.time.base	5	24	38	0.9395604395604396	0.1301775147928994	-71
2.8.1	org.joda.time.chrono	3	27	40	0.9392177589852009	0.46938775510204084	-762
2.8.1	org.joda.time	6	146	31	0.8979367866549605	0.5747836835599506	-1486
2.8.1	org.joda.time.convert	4	10	26	0.8342105263157895	0.5727272727272728	-66
2.8.1	org.joda.time.field	1	68	11	0.9353846153846154	0.3218390804597701	-247
2.8.1	org.joda.time.format	2	38	25	0.9250980392156862	0.6608996539792388	-967
2.8.1	org.joda.time.tz	3	1	14	0.8893280632411067	0.7272727272727273	-167
2.8.2	org.joda.time.base	5	24	38	0.9395604395604396	0.1301775147928994	-71
2.8.2	org.joda.time.chrono	3	27	40	0.9392177589852009	0.46938775510204084	-762
2.8.2	org.joda.time	6	146	31	0.8979367866549605	0.5747836835599506	-1486
2.8.2	org.joda.time.convert	4	10	26	0.8342105263157895	0.5727272727272728	-66
2.8.2	org.joda.time.field	1	68	11	0.9353846153846154	0.3218390804597701	-247
2.8.2	org.joda.time.format	2	38	25	0.9250980392156862	0.6608996539792388	-967
2.8.2	org.joda.time.tz	3	1	14	0.8893280632411067	0.7272727272727273	-167
2.8	org.joda.time.base	5	24	38	0.9395604395604396	0.1301775147928994	-71
2.8	org.joda.time.chrono	3	27	40	0.9392177589852009	0.46938775510204084	-762
2.8	org.joda.time	6	146	31	0.8979367866549605	0.5747836835599506	-1486
2.8	org.joda.time.convert	4	10	26	0.8342105263157895	0.5727272727272728	-66
2.8	org.joda.time.field	1	68	11	0.9353846153846154	0.3218390804597701	-247
2.8	org.joda.time.format	2	38	25	0.9250980392156862	0.6608996539792388	-967
2.8	org.joda.time.tz	3	1	14	0.8893280632411067	0.7272727272727273	-167
2.9.1	org.joda.time.base	5	24	38	0.9395604395604396	0.13095238095238096	-71
2.9.1	org.joda.time.chrono	3	27	40	0.9392177589852009	0.46938775510204084	-762
2.9.1	org.joda.time	6	146	31	0.897278314310799	0.5752919483712354	-1480
2.9.1	org.joda.time.convert	4	10	26	0.8342105263157895	0.5727272727272728	-66
2.9.1	org.joda.time.field	1	68	11	0.9353846153846154	0.3218390804597701	-247
2.9.1	org.joda.time.format	2	39	25	0.9250980392156862	0.6563573883161512	-967
2.9.1	org.joda.time.tz	3	1	14	0.8893280632411067	0.7272727272727273	-167
2.9.2	org.joda.time.base	5	24	38	0.9395604395604396	0.13095238095238096	-71
2.9.2	org.joda.time.chrono	3	27	40	0.9392177589852009	0.46938775510204084	-762
2.9.2	org.joda.time	6	146	31	0.897278314310799	0.5752919483712354	-1480
2.9.2	org.joda.time.convert	4	10	26	0.8342105263157895	0.5727272727272728	-66
2.9.2	org.joda.time.field	1	68	11	0.9353846153846154	0.3218390804597701	-247
2.9.2	org.joda.time.format	2	39	25	0.9250980392156862	0.6563573883161512	-967
2.9.2	org.joda.time.tz	3	1	14	0.8893280632411067	0.7272727272727273	-167
2.9.3	org.joda.time.base	5	24	38	0.9395604395604396	0.13095238095238096	-71
2.9.3	org.joda.time.chrono	3	27	40	0.9392177589852009	0.46938775510204084	-762
2.9.3	org.joda.time	6	146	31	0.897278314310799	0.5752919483712354	-1480
2.9.3	org.joda.time.convert	4	10	26	0.8342105263157895	0.5727272727272728	-66
2.9.3	org.joda.time.field	1	68	11	0.9353846153846154	0.3218390804597701	-247
2.9.3	org.joda.time.format	2	39	25	0.9250980392156862	0.6563573883161512	-967
2.9.3	org.joda.time.tz	3	1	14	0.8893280632411067	0.7272727272727273	-167
2.9.4	org.joda.time.base	5	24	38	0.9395604395604396	0.13095238095238096	-71
2.9.4	org.joda.time.chrono	3	27	40	0.9392177589852009	0.46938775510204084	-762
2.9.4	org.joda.time	6	146	31	0.897278314310799	0.5752919483712354	-1480
2.9.4	org.joda.time.convert	4	10	26	0.8342105263157895	0.5727272727272728	-66
2.9.4	org.joda.time.field	1	68	11	0.9353846153846154	0.3218390804597701	-247
2.9.4	org.joda.time.format	2	39	25	0.9250980392156862	0.6563573883161512	-967
2.9.4	org.joda.time.tz	3	1	14	0.894927536231884	0.7341772151898734	-188
2.9.5	org.joda.time.base	5	24	38	0.9395604395604396	0.13095238095238096	-71
2.9.5	org.joda.time.chrono	3	27	40	0.9392177589852009	0.46938775510204084	-762
2.9.5	org.joda.time	6	147	31	0.897278314310799	0.574585635359116	-1480
2.9.5	org.joda.time.convert	4	10	26	0.8342105263157895	0.5727272727272728	-66
2.9.5	org.joda.time.field	1	68	11	0.9353846153846154	0.3218390804597701	-247
2.9.5	org.joda.time.format	2	39	25	0.9250980392156862	0.6563573883161512	-967
2.9.5	org.joda.time.tz	3	1	14	0.894927536231884	0.725	-188
2.9.6	org.joda.time.base	5	24	38	0.9395604395604396	0.13095238095238096	-71
2.9.6	org.joda.time.chrono	3	27	40	0.9392177589852009	0.46938775510204084	-762
2.9.6	org.joda.time	6	147	31	0.897278314310799	0.574585635359116	-1480
2.9.6	org.joda.time.convert	4	10	26	0.8342105263157895	0.5727272727272728	-66
2.9.6	org.joda.time.field	1	68	11	0.9353846153846154	0.3218390804597701	-247
2.9.6	org.joda.time.format	2	39	25	0.9250980392156862	0.6563573883161512	-967
2.9.6	org.joda.time.tz	3	1	14	0.894927536231884	0.725	-188
2.9.7	org.joda.time.base	5	24	38	0.9395604395604396	0.13095238095238096	-71
2.9.7	org.joda.time.chrono	3	27	40	0.9392177589852009	0.46938775510204084	-762
2.9.7	org.joda.time	6	147	31	0.897278314310799	0.574585635359116	-1480
2.9.7	org.joda.time.convert	4	10	26	0.8342105263157895	0.5727272727272728	-66
2.9.7	org.joda.time.field	1	68	11	0.9353846153846154	0.3218390804597701	-247
2.9.7	org.joda.time.format	2	39	25	0.9250980392156862	0.6563573883161512	-967
2.9.7	org.joda.time.tz	3	1	14	0.894927536231884	0.725	-188
2.9.8	org.joda.time.base	5	24	38	0.9395604395604396	0.13095238095238096	-71
2.9.8	org.joda.time.chrono	3	27	40	0.9392177589852009	0.46938775510204084	-762
2.9.8	org.joda.time	6	147	31	0.897278314310799	0.574585635359116	-1480
2.9.8	org.joda.time.convert	4	10	26	0.8342105263157895	0.5727272727272728	-66
2.9.8	org.joda.time.field	1	68	11	0.9353846153846154	0.3218390804597701	-247
2.9.8	org.joda.time.format	2	39	25	0.9250980392156862	0.6563573883161512	-967
2.9.8	org.joda.time.tz	3	1	14	0.894927536231884	0.725	-188
2.9.9	org.joda.time.base	5	24	38	0.9395604395604396	0.13095238095238096	-71
2.9.9	org.joda.time.chrono	3	27	40	0.9392177589852009	0.46938775510204084	-762
2.9.9	org.joda.time	6	147	31	0.897278314310799	0.574585635359116	-1480
2.9.9	org.joda.time.convert	4	10	26	0.8342105263157895	0.5727272727272728	-66
2.9.9	org.joda.time.field	1	68	11	0.9353846153846154	0.3218390804597701	-247
2.9.9	org.joda.time.format	2	39	25	0.9250980392156862	0.6563573883161512	-967
2.9.9	org.joda.time.tz	3	1	14	0.894927536231884	0.725	-188
2.9	org.joda.time.base	5	24	38	0.9395604395604396	0.13095238095238096	-71
2.9	org.joda.time.chrono	3	27	40	0.9392177589852009	0.46938775510204084	-762
2.9	org.joda.time	6	146	31	0.897278314310799	0.5752919483712354	-1480
2.9	org.joda.time.convert	4	10	26	0.8342105263157895	0.5727272727272728	-66
2.9	org.joda.time.field	1	68	11	0.9353846153846154	0.3218390804597701	-247
2.9	org.joda.time.format	2	39	25	0.9250980392156862	0.6563573883161512	-967
2.9	org.joda.time.tz	3	1	14	0.8893280632411067	0.7272727272727273	-167
2.10.1	org.joda.time.base	5	24	38	0.9395604395604396	0.13095238095238096	-71
2.10.1	org.joda.time.chrono	3	27	41	0.9392177589852009	0.45454545454545453	-762
2.10.1	org.joda.time.convert	4	10	26	0.8342105263157895	0.5727272727272728	-66
2.10.1	org.joda.time	6	147	31	0.8950834064969271	0.5731414868105515	-1460
2.10.1	org.joda.time.field	1	69	11	0.9353846153846154	0.32061068702290074	-247
2.10.1	org.joda.time.format	2	39	26	0.9250980392156862	0.6541095890410958	-967
2.10.1	org.joda.time.tz	3	1	14	0.894927536231884	0.725	-188
2.10.10	org.joda.time.base	5	24	38	0.9395604395604396	0.13095238095238096	-71
2.10.10	org.joda.time.chrono	3	27	41	0.9392177589852009	0.4536489151873767	-762
2.10.10	org.joda.time.convert	4	10	26	0.8342105263157895	0.5727272727272728	-66
2.10.10	org.joda.time	6	147	31	0.8950834064969271	0.5724550898203593	-1460
2.10.10	org.joda.time.field	1	69	11	0.9353846153846154	0.32061068702290074	-247
2.10.10	org.joda.time.format	2	39	26	0.9250980392156862	0.6541095890410958	-967
2.10.10	org.joda.time.tz	3	1	15	0.894927536231884	0.7204968944099379	-188
2.10.2	org.joda.time.base	5	24	38	0.9395604395604396	0.13095238095238096	-71
2.10.2	org.joda.time.chrono	3	27	41	0.9392177589852009	0.45454545454545453	-762
2.10.2	org.joda.time.convert	4	10	26	0.8342105263157895	0.5727272727272728	-66
2.10.2	org.joda.time	6	147	31	0.8950834064969271	0.5731414868105515	-1460
2.10.2	org.joda.time.field	1	69	11	0.9353846153846154	0.32061068702290074	-247
2.10.2	org.joda.time.format	2	39	26	0.9250980392156862	0.6541095890410958	-967
2.10.2	org.joda.time.tz	3	1	14	0.894927536231884	0.725	-188
2.10.3	org.joda.time.base	5	24	38	0.9395604395604396	0.13095238095238096	-71
2.10.3	org.joda.time.chrono	3	27	41	0.9392177589852009	0.45454545454545453	-762
2.10.3	org.joda.time.convert	4	10	26	0.8342105263157895	0.5727272727272728	-66
2.10.3	org.joda.time	6	147	31	0.8950834064969271	0.5731414868105515	-1460
2.10.3	org.joda.time.field	1	69	11	0.9353846153846154	0.32061068702290074	-247
2.10.3	org.joda.time.format	2	39	26	0.9250980392156862	0.6541095890410958	-967
2.10.3	org.joda.time.tz	3	1	14	0.894927536231884	0.725	-188
2.10.4	org.joda.time.base	5	24	38	0.9395604395604396	0.13095238095238096	-71
2.10.4	org.joda.time.chrono	3	27	41	0.9392177589852009	0.45454545454545453	-762
2.10.4	org.joda.time.convert	4	10	26	0.8342105263157895	0.5727272727272728	-66
2.10.4	org.joda.time	6	147	31	0.8950834064969271	0.5731414868105515	-1460
2.10.4	org.joda.time.field	1	69	11	0.9353846153846154	0.32061068702290074	-247
2.10.4	org.joda.time.format	2	39	26	0.9250980392156862	0.6541095890410958	-967
2.10.4	org.joda.time.tz	3	1	14	0.894927536231884	0.725	-188
2.10.5	org.joda.time.base	5	24	38	0.9395604395604396	0.13095238095238096	-71
2.10.5	org.joda.time.chrono	3	27	41	0.9392177589852009	0.45454545454545453	-762
2.10.5	org.joda.time.convert	4	10	26	0.8342105263157895	0.5727272727272728	-66
2.10.5	org.joda.time	6	147	31	0.8950834064969271	0.5731414868105515	-1460
2.10.5	org.joda.time.field	1	69	11	0.9353846153846154	0.32061068702290074	-247
2.10.5	org.joda.time.format	2	39	26	0.9250980392156862	0.6541095890410958	-967
2.10.5	org.joda.time.tz	3	1	14	0.894927536231884	0.725	-188
2.10.6	org.joda.time.base	5	24	38	0.9395604395604396	0.13095238095238096	-71
2.10.6	org.joda.time.chrono	3	27	41	0.9392177589852009	0.45454545454545453	-762
2.10.6	org.joda.time.convert	4	10	26	0.8342105263157895	0.5727272727272728	-66
2.10.6	org.joda.time	6	147	31	0.8950834064969271	0.5731414868105515	-1460
2.10.6	org.joda.time.field	1	69	11	0.9353846153846154	0.32061068702290074	-247
2.10.6	org.joda.time.format	2	39	26	0.9250980392156862	0.6541095890410958	-967
2.10.6	org.joda.time.tz	3	1	14	0.894927536231884	0.725	-188
2.10.7	org.joda.time.base	5	24	38	0.9395604395604396	0.13095238095238096	-71
2.10.7	org.joda.time.chrono	3	27	41	0.9392177589852009	0.4536489151873767	-762
2.10.7	org.joda.time.convert	4	10	26	0.8342105263157895	0.5727272727272728	-66
2.10.7	org.joda.time	6	147	31	0.8950834064969271	0.572798082684242	-1460
2.10.7	org.joda.time.field	1	69	11	0.9353846153846154	0.32061068702290074	-247
2.10.7	org.joda.time.format	2	39	26	0.9250980392156862	0.6541095890410958	-967
2.10.7	org.joda.time.tz	3	1	14	0.894927536231884	0.725	-188
2.10.8	org.joda.time.base	5	24	38	0.9395604395604396	0.13095238095238096	-71
2.10.8	org.joda.time.chrono	3	27	41	0.9392177589852009	0.4536489151873767	-762
2.10.8	org.joda.time	6	147	31	0.8950834064969271	0.572798082684242	-1460
2.10.8	org.joda.time.convert	4	10	26	0.8342105263157895	0.5727272727272728	-66
2.10.8	org.joda.time.field	1	69	11	0.9353846153846154	0.32061068702290074	-247
2.10.8	org.joda.time.format	2	39	26	0.9250980392156862	0.6541095890410958	-967
2.10.8	org.joda.time.tz	3	1	14	0.894927536231884	0.725	-188
2.10.9	org.joda.time.base	5	24	38	0.9395604395604396	0.13095238095238096	-71
2.10.9	org.joda.time.chrono	3	27	41	0.9392177589852009	0.4536489151873767	-762
2.10.9	org.joda.time.convert	4	10	26	0.8342105263157895	0.5727272727272728	-66
2.10.9	org.joda.time	6	147	31	0.8950834064969271	0.5724550898203593	-1460
2.10.9	org.joda.time.field	1	69	11	0.9353846153846154	0.32061068702290074	-247
2.10.9	org.joda.time.format	2	39	26	0.9250980392156862	0.6541095890410958	-967
2.10.9	org.joda.time.tz	3	1	15	0.894927536231884	0.7204968944099379	-188
2.10	org.joda.time.base	5	24	38	0.9395604395604396	0.13095238095238096	-71
2.10	org.joda.time.chrono	3	27	41	0.9392177589852009	0.45454545454545453	-762
2.10	org.joda.time.convert	4	10	26	0.8342105263157895	0.5727272727272728	-66
2.10	org.joda.time	6	147	31	0.8950834064969271	0.5731414868105515	-1460
2.10	org.joda.time.field	1	69	11	0.9353846153846154	0.32061068702290074	-247
2.10	org.joda.time.format	2	39	26	0.9250980392156862	0.6541095890410958	-967
2.10	org.joda.time.tz	3	1	14	0.894927536231884	0.725	-188